set1_score: 0.922222222222
set2_score: 10000000000000000.000000000000
set3_score: 0.888888888889
Duration: 0
